Private-accesses: 157053
Remote-accesses: 10062
Off-chip-accesses: 29493
Total-accesses: 196608
Replacement-writebacks: 12
Coherence-writebacks: 9798
Invalidations-sent: 29195
Average-latency: 7.558441162109375
Priv-average-latency: 2.0
Rem-average-latency: 14.227489564698867
Off-chip-average-latency: 34.882412775912925
Total-latency: 1486050