Private-accesses: 157019
Remote-accesses: 9857
Off-chip-accesses: 29732
Total-accesses: 196608
Replacement-writebacks: 12
Coherence-writebacks: 9810
Invalidations-sent: 29154
Average-latency: 8.315694173177084
Priv-average-latency: 2.0
Rem-average-latency: 14.001826113421934
Off-chip-average-latency: 39.78467644288982
Total-latency: 1634932